16.22
10.56
9.98
10.32
11.86
15.99
25.15
35.03
42.7
48.09
51.72
55.11
57.77
59.97
61.63
63.15
64.15
65.17
65.87
66.56
66.77
67.08
67.51
67.7
68.09
68.17
68.47
68.65
69.03
69.3
69.69
69.95
70.07
70.21
70.38
70.6
70.73
70.97
71.23
71.62
71.76
71.94
72.13
72.3
72.52
72.72
72.94
73.12
73.24
73.28
73.31
73.31
73.33
73.48
73.52
73.7
73.98
73.99
73.99
73.88
73.75
73.76
73.67
73.76
73.82
73.8
73.87
73.95
73.73
73.75
73.77
73.84
74.02
74.04
73.98
73.91
73.84
73.95
74.17
74.41
74.62
75.0
75.22
75.57
75.64
75.75
75.89
76.09
76.36
76.63
76.58
76.57
76.46
76.28
76.4
76.27
76.12
76.13
76.11
76.17
76.05
76.03
76.19
76.44
76.6
76.94
77.15
77.23
77.35
77.43
77.53
77.57
77.6
77.5
77.35
77.24
77.19
77.15
76.96
77.02
77.19
77.34
77.26
77.39
77.65
77.82
78.06
78.37
78.33
78.38
78.32
78.31
78.22
78.21
78.2
78.19
78.21
78.08
77.94
77.87
77.76
77.64
77.61
77.72
77.84
77.74
77.68
77.63
77.52
77.45
77.6
77.62
77.76
77.94
78.02
78.12
78.35
78.58
78.68
78.91
79.0
79.06
79.13
79.06
79.0
79.07
79.0
78.9
78.82
78.86
78.82
78.85
78.76
78.88
78.79
78.79
78.98
78.99
78.99
79.12
79.15
79.22
79.19
79.26
79.41
79.36
79.45
79.66
79.68
79.75
79.75
79.88
79.88
79.95
80.14
80.24
80.25
80.32
80.25
80.11
79.83
79.65
79.53
79.37
79.19
79.18
79.26
79.28
79.26
79.38
79.33
79.28
79.24
79.17
79.1
79.28
79.42
79.36
79.51
79.76
79.95
80.05
80.21
80.36
80.51
80.69
80.65
80.69
80.64
80.68
80.77
80.62
80.47
80.31
80.32
80.27
80.46
80.5
80.72
80.76
80.87
80.93
80.97
81.0
81.11
81.15
81.06
81.1
81.23
81.13
81.14
81.21
81.28
81.26
81.2
81.23
81.09
81.13
80.98
80.84
80.77
80.69
80.73
80.71
80.67
80.67
80.74
80.9
81.0
81.04
81.25
81.32
81.48
81.5
81.49
81.55
81.57
81.43
81.59
81.69
81.67
81.66
81.7
81.67
81.86
81.7
81.67
81.7
81.64
81.64
81.54
81.45
81.38
81.38
81.39
81.41
81.17
81.24
81.44
81.62
81.89
81.98
82.01
82.02
82.0
82.07
81.97
81.91
81.8
81.77
81.65
81.57
81.52
81.44
81.24
81.12
80.96
80.86
80.77
80.79
80.79
80.84
80.87
80.91
81.02
81.1
81.12
81.27
81.4
81.46
81.68
81.85
82.0
82.27
82.54
82.7
82.78
82.84
82.98
82.97
83.0
82.99
82.96
82.89
82.8
82.68
82.48
82.46
82.29
82.1
81.99
81.85
81.68
81.67
81.74
81.84
81.93
81.96
81.9
81.78
81.82
81.82
81.98
82.14
82.3
82.42
82.5
82.48
82.35
82.22
82.12
82.02
82.07
82.19
82.16
82.21
82.38
82.34
82.36
82.32
82.33
82.45
82.62
82.6
82.67
82.82
82.91
83.01
83.11
83.1
83.22
83.22
83.22
83.25
83.21
83.12
83.11
83.02
83.1
83.05
82.95
82.97
83.0
83.07
83.08
83.1
83.34
83.37
83.36
83.27
83.31
83.33
83.47
83.44
83.46
83.44
83.35
83.37
83.2
83.13
83.06
83.0
82.93
82.87
83.02
82.98
82.96
82.97
82.9
82.89
82.91
82.78
82.69
82.63
82.59
82.56
82.52
82.67
82.75
82.89
83.07
83.21
83.29
83.29
83.31
83.32
83.34
83.32
83.29
83.36
83.39
83.38
83.43
83.34
83.32
83.39
83.49
83.46
83.5
83.55
83.66
83.82
83.83
83.87
83.9
83.91
83.82
83.89
83.84
83.73
83.88
83.96
84.08
84.18
84.25
84.36
84.33
84.36
84.27
84.22
84.21
84.18
84.17
83.94
83.97
83.99
84.05
84.07
84.09
83.93
83.89
83.89
83.76
83.78
83.8
83.91
84.12
84.32
84.29
84.2
84.05
83.94
83.86
83.76
83.74
83.77
83.89
83.89
83.9
83.91
83.58
83.53
83.55
83.67
83.74
83.69
83.84
83.81
84.03
84.11
84.13
84.06
83.86
83.82
83.97
84.01
84.1
84.18
84.19
84.31
84.29
84.27
84.3
84.28
84.38
84.34
84.21
84.3
84.33
84.31
84.3
84.32
84.35
84.42
84.39
84.39
84.25
84.19
84.15
84.13
84.13
84.26
84.35
84.42
84.36
84.19
84.17
84.02
84.2
84.05
84.24
84.45
84.57
84.66
84.65
84.72
84.74
84.87
84.73
84.67
84.86
84.88
85.02
85.16
85.25
85.34
85.34
85.28
85.22
85.33
85.35
85.31
85.24
85.07
85.13
85.18
85.45
85.5
85.53
85.63
85.63
85.67
85.75
85.68
85.97
85.94
86.02
85.88
85.76
85.78
85.79
85.79
85.61
85.55
85.55
85.37
85.43
85.25
85.27
85.52
85.41
85.47
85.48
85.63
85.66
85.75
85.63
85.45
85.25
85.12
84.88
84.9
84.93
84.95
85.01
85.03
84.97
84.95
85.04
85.17
85.18
85.35
85.53
85.72
85.88
85.76
85.83
85.77
85.75
85.72
85.75
85.72
85.75
85.77
85.81
85.86
85.95
85.91
86.04
86.04
85.98
86.07
86.02
86.08
86.15
86.07
86.06
86.09
86.1
86.0
86.0
85.93
85.97
85.85
85.74
85.58
85.5
85.46
85.49
85.48
85.51
85.6
85.56
85.7
85.79
85.97
85.89
85.82
85.8
85.8
85.94
85.91
85.99
86.1
86.23
86.38
86.38
86.36
86.37
86.34
86.27
86.36
86.4
86.53
86.6
86.71
86.64
86.62
86.35
86.03
85.82
85.62
85.54
85.28
85.13
85.15
85.18
85.22
85.2
85.3
85.35
85.36
85.44
85.48
85.48
85.5
85.45
85.55
85.59
85.64
85.79
85.94
86.1
86.19
86.31
86.35
86.37
86.28
86.15
86.04
85.78
85.55
85.43
85.42
85.31
85.38
85.43
85.44
85.4
85.37
85.48
85.47
85.54
85.58
85.65
85.8
85.86
85.93
85.87
85.86
85.92
85.9
85.98
86.12
86.17
86.21
86.26
86.33
86.44
86.4
86.47
86.61
86.68
86.75
86.67
86.67
86.64
86.66
86.53
86.47
86.39
86.25
86.23
86.31
86.37
86.46
86.48
86.59
86.54
86.62
86.62
86.57
86.71
86.77
86.9
86.78
86.77
86.65
86.63
86.58
86.57
86.59
86.53
86.43
86.36
86.27
86.24
86.25
86.21
86.22
86.34
86.45
86.38
86.48
86.43
86.46
86.49
86.52
86.55
86.58
86.71
86.71
86.73
86.77
86.75
86.78
86.79
86.72
86.72
86.75
86.63
86.57
86.51
86.34
86.26
86.15
86.03
86.13
86.18
86.2
86.16
86.25
86.36
86.54
86.65
86.71
86.77
86.65
86.67
86.69
86.81
86.83
86.67
86.71
86.74
86.77
86.87
86.92
86.9
86.99
86.98
87.04
87.02
86.9
86.9
86.81
86.77
86.68
86.62
86.51
86.43
86.43
86.21
86.24
86.17
86.29
86.36
86.45
86.52
86.63
86.69
86.72
86.69
86.64
86.6
86.56
86.62
86.7
86.99
86.98
87.12
87.32
87.27
87.31
87.4
87.36
87.42
87.42
87.41
87.32
87.24
87.17
87.15
87.03
87.04
87.01
87.0
87.1
87.16
87.23
87.36
87.44
87.5
87.52
87.49
87.4
87.43
87.43
87.41
87.49
87.55
87.56
87.52
87.51
87.44
87.38
87.19
87.02
86.97
86.9
86.85
86.8
86.8
86.8
86.91
86.99
87.15
87.18
87.17
87.36
87.31
87.38
87.42
87.46
87.35
87.32
87.16
87.09
87.04
87.05
87.02
87.08
87.13
87.22
87.24
87.16
87.22
87.18
87.16
87.19
87.15
87.2
87.21
87.1
87.07
87.06
87.06
87.22
87.31
87.29
87.41
87.47
87.39
87.43
87.47
87.47
87.33
87.26
87.39
87.37
87.36
87.34
87.36
87.3
87.23
87.18
87.13
87.11
87.24
87.25
87.25
87.3
87.25
87.23
87.19
87.2
87.18
87.2
87.35
87.56
87.54
87.61
87.5
87.4
87.42
87.42
87.35
87.3
87.33
87.42
87.35
87.27
87.3
87.32
87.38
87.44
87.45
87.26
87.15
87.16
87.36
87.28
87.31
87.29
87.35
87.41
87.49
87.56
87.6
87.72
87.77
87.82
88.0
88.12
88.24
88.3
88.33
88.39
88.46
88.57
88.6
88.59
88.61
88.52
88.57
88.52
88.46
88.34
88.32
88.28
88.19
88.09
87.88
87.82
87.75
87.65
87.72
87.78
87.74
87.64
87.62
87.6
87.67
87.74
87.74
87.95
88.08
88.08
88.18
88.23
88.29
88.25
88.31
88.34
88.31
88.21
88.16
88.15
88.13
88.13
88.04
87.93
87.99
88.02
88.13
88.2
88.25
88.43
88.47
88.51
88.49
88.36
88.23
88.23
88.26
88.14
88.13
88.09
88.11
88.15
88.19
88.25
88.25
88.21
88.28
88.21
88.16
88.19
88.14
88.11
88.07
88.0
88.03
88.17
88.11
88.02
87.98
87.97
87.95
87.92
87.99
87.94
87.89
87.87
87.92
87.87
87.79
87.72
87.83
87.9
87.91
87.77
87.74
87.76
87.76
87.71
87.72
87.75
87.78
87.84
87.97
87.93
87.98
88.07
88.11
88.12
88.07
88.02
88.09
88.13
88.16
88.28
88.26
88.31
88.33
88.21
88.12
88.09
88.08
88.14
88.2
88.33
88.33
88.27
88.39
88.43
88.41
88.34
88.35
88.33
88.37
88.47
88.44
88.51
88.58
88.61
88.6
88.61
88.65
88.62
88.5
88.42
88.36
88.38
88.33
88.29
88.22
88.13
88.06
88.21
88.19
88.3
88.36
88.48
88.5
88.43
88.43
88.46
88.61
88.56
88.55
88.68
88.68
88.73
88.82
88.76
88.88
88.98
89.07
88.98
88.93
89.04
89.1
89.21
89.2
89.08
89.04
89.1
89.18
89.2
89.22
89.35
89.3
89.21
89.1
89.0
89.04
89.03
89.04
89.08
89.19
89.19
89.19
89.23
89.06
89.15
89.17
89.14
89.11
89.13
89.16
89.22
89.21
89.21
89.09
88.92
88.94
88.94
88.77
88.7
88.52
88.52
88.58
88.6
88.66
88.64
88.68
88.66
88.64
88.69
88.58
88.66
88.67
88.64
88.6
88.42
88.2
87.97
87.95
87.83
87.7
87.57
87.53
87.57
87.88
88.05
88.28
88.33
88.46
88.41
88.23
88.09
88.0
87.84
87.7
87.74
87.72
87.69
87.94
88.05
88.33
88.58
88.68
88.86
88.95
88.97
88.95
88.85
88.88
88.71
88.63
88.45
88.5
88.67
88.75
88.81
88.84
88.79
88.81
88.81
88.89
88.91
88.94
88.9
88.85
88.82
88.92
88.97
88.97
89.01
89.14
89.24
89.32
89.41
89.47
89.51
89.45
89.51
89.54
89.56
89.63
89.68
89.78
89.73
89.74
89.79
89.77
89.89
89.84
89.73
89.72
89.76
89.8
89.93
89.94
89.91
89.89
89.84
89.86
89.76
89.77
89.76
89.67
89.68
89.58
89.51
89.49
89.63
89.64
89.66
89.57
89.53
89.62
89.61
89.71
89.84
89.88
89.88
89.89
89.87
89.83
89.79
89.78
89.73
89.81
89.81
89.83
89.8
89.88
89.78
89.84
89.74
89.74
89.73
89.77
89.67
89.64
89.57
89.57
89.44
89.39
89.22
89.23
89.13
89.01
88.87
88.84
88.73
88.64
88.59
88.66
88.63
88.74
88.81
88.91
88.89
88.93
88.81
88.83
88.69
88.53
88.66
88.59
88.79
88.86
89.01
89.13
89.1
88.97
88.85
88.83
88.65
88.71
88.68
88.68
88.65
88.66
88.61
88.84
88.9
88.99
89.11
89.18
89.22
89.24
89.33
89.38
89.48
89.51
89.6
89.6
89.6
89.6
89.61
89.73
89.73
89.82
89.91
89.91
90.05
89.88
89.43
88.97
88.6
88.34
88.09
88.0
88.03
87.97
87.96
87.95
87.95
87.94
87.93
87.94
88.14
88.27
88.26
88.3
88.21
88.23
88.49
88.58
88.63
88.7
88.81
88.83
88.99
89.0
89.12
89.1
89.17
89.24
89.18
89.03
88.92
88.81
88.82
88.89
89.09
89.09
89.05
89.02
89.16
89.2
89.32
89.39
89.42
89.46
89.5
89.58
89.65
89.7
89.7
89.86
89.88
89.91
90.04
90.07
90.17
90.1
90.16
90.24
90.23
90.18
90.19
90.22
90.14
90.11
90.09
89.99
90.04
90.0
89.91
90.1
90.09
90.19
90.21
90.21
90.24
90.33
90.28
90.21
90.25
90.24
90.19
90.21
90.23
90.41
90.37
90.37
90.26
90.19
90.1
90.13
90.09
90.15
90.23
90.06
89.95
89.75
89.64
89.4
89.23
89.38
89.46
89.51
89.48
89.7
89.76
89.76
89.76
89.73
89.63
89.58
89.5
89.43
89.51
89.44
89.51
89.55
89.53
89.69
89.74
89.96
89.95
89.84
89.79
89.7
89.58
89.47
89.42
89.42
89.42
89.39
89.45
89.6
89.61
89.72
89.79
89.91
89.92
89.97
90.02
90.09
90.05
90.07
90.06
90.02
90.01
90.08
90.04
90.05
90.12
90.23
90.28
90.25
90.36
90.32
90.32
90.3
90.15
90.07
89.72
89.48
89.24
89.16
89.15
89.24
89.5
89.66
89.72
89.84
89.86
89.84
89.88
89.92
89.82
89.65
89.46
89.57
89.57
89.55
89.56
89.6
89.61
89.61
89.6
89.55
89.6
89.57
89.63
89.56
89.54
89.62
89.6
89.73
89.76
89.76
89.79
89.7
89.74
89.74
89.81
89.91
89.88
89.97
89.96
89.99
89.99
90.01
90.08
90.11
90.04
90.09
90.16
90.16
90.2
90.2
90.21
90.21
90.26
90.3
90.26
90.35
90.37
90.45
90.44
90.55
90.64
90.65
90.69
90.75
90.78
90.78
90.76
90.67
90.64
90.68
90.68
90.61
90.52
90.48
90.54
90.54
90.6
90.64
90.62
90.57
90.64
90.65
90.63
90.6
90.57
90.72
90.88
90.92
90.87
90.95
91.07
91.07
91.15
91.18
91.14
91.17
91.16
91.21
91.23
91.22
91.06
91.06
91.11
91.11
91.11
91.05
90.92
90.86
90.77
90.72
90.64
90.61
90.76
90.83
90.81
90.77
90.88
90.95
90.96
91.0
90.96
90.93
90.89
90.88
90.89
90.86
90.83
90.8
90.74
90.69
90.68
90.65
90.6
90.64
90.64
90.62
90.7
90.79
90.7
90.72
90.64
90.62
90.6
90.59
90.63
90.75
90.82
90.81
90.93
90.92
90.98
91.0
90.98
91.0
90.95
90.85
90.77
90.73
90.61
90.71
90.65
90.65
90.67
90.55
90.51
90.29
90.15
90.06
90.17
90.11
90.32
90.58
90.76
90.84
91.01
91.09
91.11
91.04
91.05
91.02
91.07
91.2
91.21
91.31
91.28
91.27
91.35
91.37
91.25
91.26
91.17
91.22
91.12
91.12
91.15
91.13
91.17
91.19
91.31
91.41
91.51
91.63
91.59
91.63
91.67
91.61
91.64
91.56
91.48
91.38
91.42
91.38
91.5
91.59
91.65
91.69
91.73
91.83
91.89
91.89
91.81
91.86
91.69
91.65
91.63
91.58
91.61
91.64
91.69
91.75
91.78
91.74
91.79
91.73
91.68
91.72
91.75
91.77
91.8
91.86
91.84
91.81
91.82
91.74
91.64
91.59
91.59
91.58
91.5
91.41
91.25
91.27
91.19
91.2
91.08
91.09
91.06
91.13
91.21
91.22
91.26
91.28
91.37
91.33
91.3
91.36
91.38
91.39
91.39
91.38
91.32
91.26
91.32
91.35
91.33
91.29
91.25
91.31
91.31
91.33
91.32
91.35
91.34
91.35
91.46
91.54
91.55
91.6
91.65
91.57
91.61
91.6
91.58
91.65
91.65
91.69
91.75
91.73
91.67
